        0.26
        0.47
        0.70
        0.84
      145543
 23362175
 23363596
000006805001
000155
070747
074119
074452
074818
075717
080457
080702
080705
080722
081445
081807
082535
082609
084134
084931
085039
085103
085552
091111
091330
093809
101834
102100
102233
105814
112751
112817
113019
113034
114722
115533
115744
120208
120258
120330
120344
120359
120413
120435
120456
121635
121655
121804
121822
124721
125926
130629
130643
130723
132835
132900
135223
135902
142243
142935
143103
143745
143833
151045
151304
151410
153359
154638
160124
160206
164413
165209
165317
165746
170245
171132
171712
171735
172622
172800
172921
174545
174953
175024
175059
185131
192831
193626
193643
194942
195154
195216
195340
200250
202701
204250
204608
205230
205737
205828
205959
210030
210203
210345
210518
210558
210747
211317
211321
211348
211646
211735
211759
213202
214450
214514
214528
214543
214624
220101082220
220102103913
220107161709
220122114439
220129180811
220131130402
220208154627
220208154912
220212180658
220301153406
220305114912
220319133733
220337
220410103939
220418161355
220418162831
220418174410
220419123354
220421112622
220421164936
220428133435
220503104235
220524105019
220527154058
220619125919
220708130229
220711132103
220726151205
220728154112
220730172236
220805124900
220812142455
220815131456
220817103924
220817155456
220819130834
220824131058
220829130856
220830105114
220903124503
220903153713
220903154410
220904165141
220904165207
220906141646
220908131851
220915154652
220917114036
220917135845
220920131405
220922155909
220923163610
220927154704
220927155357
220930160337
221003132005
221008104449
221008112715
221008141023
221009134107
223134
3 Jay Street
372533501
376199589
380330527
384358603
388403888
396132950
400209749
404082000
408039339
412011824
419374226
423247412
427098458
430997894
434817712
834536301
93049600
ARD IMT FEE
Onvil 130755
Pc
Pl1898741-01
Tuition
Ventltn Fan